10
13
18
24
26
32
38
42
51
58
63
66
70
82
83
92
97
104
105
107
108
111
120
121
123
125
126
135
139
140
141
142
143
144
145
146
147
148
150
158
161
173
176
177
178
185
191
204
225
226
236
238
252
259
269
283
285
297
298
299
302
304
305
307
312
315
321
322
324
328
348
349
367
368
369
370
371
381
382
397
400
401
429
430
431
432
433
434
445
451
452
453
454
456
458
459
461
469
484
490
492
494
522
523
524
525
527
528
532
537
538
539
552
557
558
563
569
573
574
575
577
581
594
602
604
605
613
617
631
635
637
639
643
646
654
655
656
657
659
661
662
663
674
683
688
690
691
692
693
697
698
700
701
714
729
732
734
736
741
747
756
757
763
768
776
777
778
779
780
782
789
794
802
803
804
822
824
825
827
829
831
843
844
845
849
853
854
855
856
860
884
892
897
911
912
915
918
919
922
941
943
944
946
950
954
963
966
967
968
975
979
980
986
999
1003
1007
1013
1014
1023
1024
1032
1036
1039
1047
1049
1053
1054
1055
1056
1057
1060
1066
1070
1072
1076
1082
1084
1085
1089
1094
1096
1097
1107
1120
1122
1129
1133
1141
1145
1148
1150
1154
1161
1169
1173
1188
1195
1196
1201
1224
1237
1243
1248
1254
1255
1261
1271
1288
1294
1302
1304
1305
1307
1310
1311
1337
1338
1339
1344
1347
1352
1358
1359
1370
1383
1384
1387
1391
1420
1423
1444
1446
1484
1488
1496
1497
1506
1512
1513
1514
1515
1559
1575
1576
1582
1586
1587
1620
1624
1631
1650
1668
1672
1673
1676
1685
1687
1698
1705
1714
1716
1722
1740
1745
1747
1752
1753
1756
1757
1762
1764
1773
1776
1778
1780
1782
1786
1788
1790
1791
1792
1796
1797
1804
1806
1807
1809
1815
1825
1828
1835
1836
1840
1844
1856
1857
1859
1862
1876
1885
1886
1896
1899
1901
1902
1903
1905
1906
1922
1923
1924
1926
1927
1929
1937
1942
1947
1948
1949
1952
1953
1959
1960
1962
1974
1976
1986
1995
1997
1998
2001
2014
2015
2016
2018
2021
2023
2032
2036
2037
2043
2046
2048
2064
2065
2072
2073
2083
2085
2094
2099
2111
2113
2114
2122
2133
2134
2140
2142
2149
2155
2158
2159
2162
2164
2170
2186
2187
2196
2201
2202
2211
2213
2219
2220
2233
2235
2237
2240
2242
2258
2265
2266
2268
2271
2287
2293
2297
2306
2313
2314
2319
2321
2346
2349
2368
2385
2386
2409
2418
2432
2433
2438
2448
2455
2456
2458
2462
2463
2472
2473
2479
2481
2491
2498
2517
2518
2533
2539
2540
2548
2549
2550
2551
2556
2559
2562
2568
2582
2584
2593
2594
2603
2604
2605
2606
2620
2625
2626
2633
2637
2640
2649
2650
2652
2656
2668
2672
2673
2680
2681
2682
2683
2685
2696
2702
2703
2715
2716
2717
2718
2719
2720
2721
2722
2724
2732
2733
2734
2741
2744
2747
2751
2765
2767
2772
2775
2783
2792
2793
2801
2814
2818
2819
2825
2827
2832
2834
2835
2845
2846
2854
2861
2863
2866
2874
2891
2919
2920
2921
2922
2925
2937
2944
2945
2958
2962
2963
2971
2990
2993
3005
3024
3047
3064
3067
3078
3085
3092
3095
3100
3101
3102
3111
3112
3138
3142
3143
3144
3145
3147
3154
3158
3160
3164
3167
3168
3174
3178
3185
3186
3188
3196
3197
3199
3206
3208
3210
3222
3228
3246
3254
3257
3262
3263
3264
3267
3268
3290
3291
3298
3301
3316
3317
3326
3327
3330
3338
3363
3368
3371
3372
3373
3374
3380
3383
3385
3388
3389
3390
3394
3397
3398
3401
3402
3403
3404
3408
3412
3413
3414
3442
3447
3448
3459
3460
3468
3476
3488
3496
3509
3512
3513
3517
3521
3522
3527
3540
3543
3545
3546
3547
3548
3549
3551
3561
3562
3577
3578
3580
3582
3583
3601
3603
3605
3606
3610
3612
3624
3640
3646
3651
3652
3654
3656
3660
3661
3662
3663
3664
3670
3672
3673
3677
3687
3699
3700
3701
3704
3723
3724
3734
3746
3748
3749
3750
3755
3763
3764
3765
3766
3767
3768
3770
3775
3780
3783
3786
3794
3805
3806
3810
3817
3826
3846
3871
3881
3882
3889
3892
3898
3902
3903
3904
3909
3912
3913
3914
3915
3917
3923
3928
3929
3930
3983
3992
3995
4002
4003
4006
4010
4014
4015
4016
4017
4020
4029
4037
4038
4039
4040
4049
4051
4052
4067
4068
4076
4088
4089
4114
4129
4158
4163
4172
4180
4184
4189
4197
4198
4208
4209
4211
4214
4229
4231
4232
4235
4250
4285
4290
4294
4302
4307
4310
4311
4322
4323
4324
4330
4340
4341
4342
4350
4351
4398
4406
4407
4421
4426
4444
4445
4450
4451
4452
4460
4470
4486
4489
4497
4499
4501
4506
4511
4516
4517
4518
4519
4524
4525
4527
4528
4545
4547
4548
4550
4559
4561
4562
4572
4573
4574
4575
4584
4587
4590
4593
4598
4599
4600
4601
4602
4605
4606
4607
4608
4609
4612
4613
4614
4624
4626
4638
4652
4663
4666
4670
4673
4674
4675
4676
4677
4678
4679
4683
4686
4689
4690
4692
4744
4745
4751
4752
4753
4756
4762
4764
4766
4767
4770
4771
4772
4797
4799
4800
4801
4802
4803
4804
4815
4816
4817
4822
4852
4853
4866
4869
4870
4874
4876
4877
4896
4897
4910
4912
4913
4928
4929
4941
4942
4946
4950
4954
4956
4958
4981
4999
5018
5019
5030
5038
5043
5049
5050
5058
5062
5069
5072
5073
5074
5075
5076
5079
5080
5092
5093
5103
5110
5124
5125
5129
5135
5136
5139
5144
5148
5156
5157
5158
5161
5164
5166
5174
5175
5176
5177
5181
5190
5192
5195
5206
5209
5219
5221
5222
5223
5227
5228
5229
5230
5234
5249
5250
5256
5263
5272
5277
5313
5322
5326
5329
5330
5333
5338
5342
5358
5366
5367
5369
5373
5376
5378
5380
5383
5384
5386
5390
5403
5413
5428
5435
5441
5446
5454
5456
5460
5462
5468
5484
5492
5493
5504
5505
5515
5526
5528
5529
5530
5533
5538
5541
5543
5548
5550
5558
5562
5563
5564
5565
5567
5574
5575
5576
5605
5607
5613
5614
5616
5617
5618
5619
5620
5621
5622
5623
5624
5625
5626
5627
5629
5630
5631
5633
5642
5644
5688
5689
5690
5691
5693
5694
5699
5700
5701
5702
5703
5709
5730
5731
5732
5740
5741
5759
5767
5768
5779
5780
5781
5784
5785
5791
5793
5799
5803
5804
5806
5809
5819
5826
5827
5837
5842
5849
5850
5859
5863
5867
5868
5869
5875
5876
5881
5890
5891
5892
5893
5894
5895
5897
5900
5912
5914
5915
5923
5924
5927
5932
5936
5940
5943
5944
5946
5947
5948
5949
5950
5955
5965
5972
5976
5978
5988
5990
5992
5995
5996
6000
6001
6004
6048
6060
6061
6062
6064
6065
6066
6067
6085
6091
6092
6093
6094
6098
6103
6108
6109
6154
6157
6161
6162
6174
6175
6177
6178
6180
6181
6194
6198
6216
6217
6218
6223
6225
6226
6234
6237
6239
6242
6244
6249
6250
6260
6274
6275
6276
6277
6278
6279
6280
6286
6289
6290
6311
6312
6313
6314
6326
6331
6332
6340
6341
6345
6350
6351
6358
6367
6374
6377
6384
6400
6410
6412
6413
6414
6427
6435
6464
6465
6477
6486
6491
6499
6524
6528
6536
6550
6554
6562
6566
6569
6583
6599
6606
6611
6612
6613
6621
6630
6631
6636
6637
6639
6640
6642
6648
6654
6656
6657
6674
6678
6686
6690
6702
6703
6711
6713
6714
6716
6717
6725
6736
6746
6755
6756
6757
6758
6760
6762
6765
6766
6767
6768
6769
6770
6771
6774
6776
6778
6799
6800
6801
6802
6803
6812
6814
6815
6818
6828
6830
6833
6835
6844
6845
6846
6860
6861
6862
6863
6864
6865
6866
6867
6868
6869
6872
6873
6884
6897
6898
6899
6900
6901
6902
6907
6909
6921
6927
6933
6966
6972
6975
6979
6980
6988
7015
7016
7017
7021
7022
7025
7027
7047
7048
7049
7069
7085
7089
7093
7096
7113
7114
7115
7116
7120
7125
7126
7127
7132
7137
7150
7151
7177
7178
7189
7190
7191
7192
7193
7194
7196
7197
7198
7199
7201
7205
7206
7231
7236
7237
7248
7253
7256
7258
7259
7282
7283
7293
7297
7299
7302
7304
7309
7311
7321
7325
7327
7341
7344
7353
7357
7359
7362
7367
7370
7373
7380
7387
7388
7391
7396
7398
7399
7403
7406
7410
7414
7415
7416
7417
7418
7419
7429
7435
7456
7459
7461
7462
7464
7468
7470
7471
7473
7474
7477
7484
7492
7494
7499
7511
7512
7536
7538
7539
7555
7556
7559
7560
7561
7578
7587
7589
7590
7591
7593
7594
7595
7616
7625
7685
7694
7695
7700
7703
7705
7707
7711
7712
7716
7736
7741
7748
7751
7752
7760
7766
7769
7776
7777
7778
7779
7783
7787
7807
7810
7815
7817
7832
7833
7834
7840
7849
7854
7856
7858
7859
7860
7861
7871
7876
7881
7886
7909
7920
7921
7923
7928
7930
7937
7944
7945
7952
7957
7958
7959
7973
7974
7976
7977
7984
7990
7991
7993
7999
8011
8018
8036
8043
8056
8058
8059
8060
8061
8063
8065
8070
8077
8078
8089
8090
8094
8099
8121
8122
8123
8128
8135
8141
8142
8145
8147
8149
8150
8151
8153
8164
8165
8173
8180
8182
8184
8185
8190
8192
8194
8208
8212
8245
8246
8247
8248
8249
8250
8251
8252
8253
8266
8283
8284
8285
8286
8287
8292
8298
8299
8302
8303
8311
8314
8317
8320
8321
8332
8333
8353
8357
8360
8361
8362
8365
8366
8377
8378
8392
8400
8401
8402
8411
8416
8422
8423
8424
8425
8426
8427
8428
8429
8430
8431
8432
8433
8434
8435
8436
8437
8438
8457
8460
8466
8467
8468
8469
8486
8490
8493
8494
8498
8506
8509
8516
8537
8540
8541
8572
8574
8575
8577
8584
8585
8586
8587
8599
8606
8609
8610
8612
8613
8614
8616
8625
8626
8627
8628
8631
8634
8643
8644
8646
8647
8648
8650
8651
8652
8653
8666
8676
8689
8719
8729
8738
8739
8741
8743
8748
8749
8755
8758
8762
8765
8766
8773
8789
8798
8833
8834
8839
8847
8848
8853
8865
8871
8873
8874
8877
8878
8885
8888
8894
8901
8915
8918
8928
8932
8940
8944
8966
8967
8975
8977
8981
8990
8991
8992
8993
8994
8995
8996
9003
9009
9016
9019
9020
9036
9058
9073
9074
9075
9077
9083
9094
9096
9107
9112
9135
9136
9146
9148
9150
9167
9176
9186
9196
9197
9208
9209
9213
9214
9215
9216
9228
9231
9232
9233
9236
9237
9241
9246
9259
9260
9287
9304
9305
9310
9312
9332
9340
9341
9351
9357
9360
9367
9373
9376
9387
9388
9390
9391
9393
9397
9400
9410
9411
9412
9413
9414
9418
9432
9464
9478
9479
9480
9481
9482
9493
9515
9516
9517
9518
9519
9520
9539
9540
9543
9548
9550
9552
9553
9567
9584
9587
9601
9616
9618
9620
9625
9628
9629
9636
9648
9649
9672
9674
9685
9721
9734
9735
9736
9763
9771
9773
9778
9785
9790
9791
9800
9801
9823
9831
9832
9833
9857
9858
9859
9860
9861
9862
9864
9867
9871
9891
9896
9910
9911
9916
9926
9934
9937
9940
9988
9992
10001
10002
10003
10004
10011
10013
10016
10017
10036
10040
10043
10044
10045
10046
10049
10052
10067
10083
10084
10091
10093
10100
10101
10102
10107
10113
10124
10133
10141
10146
10161
10182
10185
10201
10205
10215
10216
10217
10221
10225
10229
10230
10231
10252
10253
10255
10257
10262
10273
10302
10303
10322
10327
10339
10364
10402
10403
10408
10409
10410
10416
10424
10427
10437
10439
10443
10450
10452
10453
10455
10463
10464
10470
10471
10473
10489
10490
10493
10500
10512
10524
10542
10543
10564
10567
10568
10569
10590
10592
10593
10602
10608
10613
10616
10620
10621
10622
10629
10630
10632
10635
10636
10640
10641
10644
10645
10647
10648
10652
10653
10662
10668
10676
10677
10679
10681
10682
10683
10684
10686
10688
10690
10701
10709
10711
10712
10713
10715
10716
10724
10749
10750
10794
10799
10815
10816
10819
10826
10827
10839
10840
10842
10843
10844
10845
10846
10847
10848
10849
10858
10859
10860
10861
10862
10864
10866
10869
10870
10877
10888
10897
10900
10905
10907
10910
10911
10912
10918
10929
10934
10940
10941
10942
10943
10944
10945
10948
10952
10953
10955
10958
10959
10961
10962
10964
10969
10970
10973
10975
10976
10979
10980
10982
10983
10984
10990
11000
11001
11002
11003
11004
11005
11006
11007
11008
11014
11015
11016
11017
11018
11019
11020
11024
11025
11026
11038
11050
11051
11052
11055
11058
11062
11063
11066
11069
11086
11087
11092
11093
11097
11098
11102
11121
11122
11124
11125
11126
11141
11151
11152
11153
11154
11155
11156
11157
11158
11163
11165
11166
11167
11169
11170
11172
11194
11200
11201
11203
11206
11211
11216
11226
11227
11228
11229
11230
11231
11232
11233
11234
11235
11236
11237
11254
11264
11278
11279
11280
11281
11282
11283
11284
11285
11286
11287
11288
11289
11296
11300
11301
11302
11303
11304
11305
11306
11307
11308
11309
11310
11311
11312
11313
11314
11322
11326
11328
11329
11331
11332
11334
11336
11337
11338
11341
11344
11345
11362
11364
11365
11366
11379
11392
11393
11400
11403
11411
11422
11428
11430
11432
11434
11435
11437
11442
11452
11453
11482
11504
11512
11514
11542
11557
11561
11563
11566
11568
11569
11570
11571
11573
11575
11578
11580
11594
11595
11596
11597
11600
11601
11602
11603
11604
11605
11607
11608
11609
11610
11611
11670
11671
11675
11684
11710
11712
11714
11719
11734
11746
11751
11752
11758
11761
11764
11775
11777
11786
11790
11791
11841
11842
11843
11845
11849
11855
11857
11858
11859
11860
11862
11863
11864
11868
11871
11872
11913
11914
11916
11918
11919
11921
11922
11923
11924
11925
11926
11927
11928
11929
11930
11931
11932
11933
11934
11935
11936
11937
11938
11939
11940
11941
11942
11943
11944
11945
11946
11947
11948
11950
11951
11952
11954
11956
11957
12025
12030
12032
12035
12038
12040
12043
12045
12046
12053
12056
12058
12059
12060
12061
12062
12066
12067
12068
12069
12070
12071
12072
12073
12074
12075
12077
12078
12079
12080
12091
12092
12099
12111
12112
12113
12114
12118
12120
12122
12123
12124
12126
12127
12128
12129
12130
12131
12132
12133
12134
12135
12136
12137
12138
12140
12141
12142
12143
12144
12145
12146
12147
12148
12149
12150
12151
12152
12153
12154
12155
12156
12157
12158
12159
12161
12162
12163
12164
12165
12166
12168
12169
12170
12171
12175
12176
12177
12178
12179
12180
12183
12184
12185
12186
12187
12194
12195
12210
12211
12213
12216
12217
12218
12219
12220
12221
12222
12223
12224
12225
12226
12228
12229
12232
12233
12234
12235
12236
12237
12238
12239
12240
12241
12242
12245
12246
12247
12248
12253
12268
12279
12284
12327
12328
12329
12335
12337
12339
12340
12342
12348
12349
12350
12353
12355
12374
12375
12376
12378
12380
12383
12392
12406
12411
12414
12427
12428
12429
12434
12441
12446
12470
12479
12480
12481
12482
12483
12486
12487
12490
12491
12492
12493
12494
12495
12496
12497
12498
12499
12500
12501
12502
12503
12504
12505
12506
12507
12508
12509
12510
12511
12512
12513
12514
12515
12516
12517
12518
12522
12523
12524
12525
12526
12527
12528
12530
12534
12538
12555
12556
12557
12558
12559
12560
12561
12562
12563
12567
12570
12571
12572
12573
12574
12575
12576
12577
12589
12590
12591
12592
12595
12596
12597
12598
12599
12600
12601
12618
12619
12621
12622
12631
12635
12640
12641
12642
12643
12644
12645
12646
12652
12655
12656
12671
12690
12691
12692
12693
12709
12711
12712
12713
12714
12715
12719
12721
12732
12733
12736
12738
12746
12750
12751
12775
12784
12785
12788
12789
12791
12792
12794
12795
12797
12811
12835
12839
12840
12842
12844
12845
12846
12848
12850
12852
12855
12860
12861
12865
12892
12893
12897
12899
12901
12907
12922
12927
12930
12938
12939
12940
12955
12963
12967
12968
12969
12970
12971
12972
12973
12974
12975
12976
12977
12978
12979
12987
12988
12989
12990
12991
12992
12993
12994
12995
12996
12997
13014
13017
13021
13022
13025
13026
13030
13031
13040
13041
13042
13043
13058
13059
13062
13063
13064
13067
13090
13119
13120
13121
13122
13123
13124
13125
13126
13143
13144
13148
13164
13165
13166
13167
13168
13188
13190
13191
13193
13197
13205
13265
13276
13295
13311
13316
13339
13342
13349
13362
13363
13364
13365
13366
13372
13378
13379
13383
13385
13387
13390
13393
13394
13395
13396
13397
13398
13399
13400
13401
13402
13403
13404
13405
13406
13407
13408
13409
13410
13411
13422
13423
13424
13426
13436
13438
13443
13450
13461
13468
13472
13473
13484
13491
13500
13503
13517
13521
13526
13529
13530
13545
13551
13559
13568
13569
13574
13575
13582
13584
13585
13594
13619
13622
13624
13625
13626
13628
13630
13633
13651
13652
13656
13663
13664
13669
13670
13671
13672
13673
13674
13675
13676
13677
13678
13679
13680
13681
13682
13683
13684
13685
13692
13693
13695
13696
13698
13704
13712
13723
13724
13731
13732
13737
13738
13743
13744
13762
13783
13807
13808
13809
13811
13812
13814
13816
13833
13837
13853
13854
13855
13859
13860
13861
13862
13863
13864
13865
13866
13867
13868
13869
13870
13871
13872
13876
13877
13882
13883
13884
13885
13886
13888
13889
13890
13891
13892
13893
13895
13896
13897
13898
13900
13901
13902
13904
13905
13906
13907
13910
13919
13928
13932
13933
13934
13935
13936
13939
13942
13953
13956
13965
13982
13983
13994
13996
14016
14034
14035
14036
14037
14038
14039
14040
14041
14048
14049
14054
14062
14064
14072
14083
14095
14097
14103
14109
14110
14111
14112
14125
14126
14127
14128
14129
14131
14132
14133
14147
14148
14149
14150
14151
14216
14218
14219
14227
14231
14234
14251
14253
14258
14259
14260
14263
14264
14265
14266
14267
14270
14271
14272
14273
14274
14275
14276
14277
14279
14280
14281
14282
14283
14284
14285
14286
14287
14304
14308
14322
14336
14339
14340
14342
14352
14353
14389
14390
14391
14392
14393
14394
14395
14413
14419
14421
14428
14432
14437
14441
14442
14444
14447
14451
14454
14460
14461
14462
14467
14468
14475
14476
14477
14478
14479
14481
14482
14483
14484
14485
14486
14487
14488
14489
14490
14491
14492
14493
14494
14495
14496
14497
14498
14499
14500
14501
14502
14503
14504
14505
14506
14507
14508
14509
14510
14511
14516
14519
14520
14521
14522
14529
14530
14533
14554
14562
14564
14579
14586
14591
14594
14598
14599
14600
14607
14610
14611
14623
14624
14625
14626
14628
14629
14630
14631
14642
14643
14668
14722
14729
14730
14731
14735
14740
14743
14748
14751
14754
14757
14758
14761
14764
14765
14767
14768
14769
14771
14772
14774
14776
14779
14781
14784
14796
14812
14813
14814
14815
14816
14817
14818
14819
14820
14821
14822
14823
14825
14826
14827
14828
14829
14830
14831
14832
14834
14838
14845
14849
14850
14853
14854
14855
14856
14857
14860
14861
14871
14872
14873
14875
14876
14896
14901
14939
14943
14944
14945
14946
14949
14950
14964
14965
14966
14967
14968
14969
15004
15016
15017
15042
15043
15090
15091
15092
15093
15094
15095
15096
15097
15098
15099
15100
15101
15102
15103
15104
15105
15106
15107
15108
15126
15161
15162
15163
15164
15165
15166
15167
15168
15169
15170
15171
15172
15173
15174
15175
15176
15177
15178
15179
15180
15181
15182
15183
15184
15186
15187
15193
15197
15198
15199
15200
15215
15239
15244
15245
15246
15247
15253
15266
15283
15284
15292
15298
15327
15362
15372
15376
15383
15385
15387
15388
15389
15435
15436
15437
15438
15439
15440
15441
15442
15443
15444
15445
15446
15447
15448
15449
15450
15451
15452
15453
15454
15455
15456
15457
15458
15459
15460
15466
15468
15469
15470
15471
15472
15476
15477
15479
15483
15484
15487
15488
15489
15490
15492
15493
15496
15498
15499
15501
15502
15508
15509
15510
15512
15513
15514
15516
15517
15519
15520
15524
15527
15529
15532
15534
15541
15546
15548
15562
15566
15567
15572
15573
15574
15575
15576
15577
15578
15579
15580
15581
15585
15586
15587
15588
15589
15590
15591
15592
15594
15597
15598
15602
15605
15606
15607
15611
15613
15616
15619
15621
15623
15625
15630
15631
15633
15634
15635
15637
15638
15639
15641
15642
15643
15644
15646
15647
15649
15650
15651
15652
15653
15654
15655
15656
15657
15658
15659
15660
15695
15696
15697
15698
15707
15710
15714
15715
15718
15719
15730
15731
15732
15733
15746
15749
15758
15770
15771
15772
15775
15778
15779
15780
15781
15782
15783
15784
15785
15786
15787
15788
15789
15790
15814
15816
15849
15851
15853
15854
15857
15858
15860
15866
15874
15878
15879
15933
15934
15935
15936
15937
15938
15939
15940
15941
15942
15943
15944
15945
15946
15947
15948
15950
15951
15952
15953
15954
15955
15956
15957
15958
15960
15961
15962
15963
15964
15965
15966
15967
15968
15981
15982
15983
15984
15991
15992
15998
16004
16005
16024
16038
16061
16075
16076
16077
16078
16079
16080
16081
16082
16083
16084
16086
16133
16134
16135
16137
16138
16148
16153
16158
16163
16166
16167
16179
16189
16194
16201
16204
16208
16214
16219
16227
16231
16232
16233
16234
16235
16236
16237
16238
16239
16240
16241
16242
16243
16244
16245
16246
16249
16255
16302
16303
16308
16309
16312
16313
16314
16315
16316
16317
16321
16334
16349
16350
16351
16352
16353
16354
16355
16356
16360
16362
16371
16372
16373
16374
16375
16376
16377
16378
16379
16380
16381
16382
16383
16385
16386
16387
16388
16389
16390
16391
16392
16393
16395
16396
16397
16399
16409
16414
16455
16456
16457
16468
16509
16510
16511
16533
16534
16535
16561
16562
16563
16564
16566
16567
16568
16569
16570
16571
16572
16573
16574
16577
16578
16579
16580
16581
16582
16585
16589
16590
16591
16592
16593
16596
16597
16598
16636
16638
16639
16641
16644
16645
16646
16657
16670
16671
16672
16673
16674
16675
16677
16678
16679
16684
16687
16688
16691
16692
16694
16695
16696
16697
16698
16699
16700
16702
16703
16704
16705
16706
16707
16709
16740
16780
16818
16831
16847
16848
16850
16867
16876
16912
16916
16924
16925
16926
16927
16928
16929
16933
16934
16936
16938
16940
16941
16954
16961
16962
16971
16972
16973
16974
16976
16977
16978
16979
16980
16981
16982
16983
16984
16991
16992
16993
16994
16997
16999
17000
17001
17010
17011
17012
17013
17014
17015
17016
17018
17019
17020
17021
17022
17026
17027
17039
17068
17107
17148
17183
17204
17205
17206
17208
17216
17227
17230
17247
17248
17249
17250
17251
17252
17253
17341
17387
17425
17471
17475
17476
17478
17479
17488
17490
17491
17492
17494
17508
17509
17510
17511
17513
17514
17517
17521
17591
17592
17623
17624
17625
17626
17631
17645
17652
17653
17654
17683
17699
17701
17707
17713
17780
17809
17872
17885
17886
17914
17916
17918
17920
17922
17924
17926
17928
17930
17932
17934
17936
17937
17938
17940
17941
17942
17943
17944
17945
17966
17988
17994
17997
18052
18053
18057
18058
18094
18116
18118
18123
18124
18125
18189
18302
18303
18336
18338
18341
18342
18359
18376
18428
18431
18439
18445
18447
18495
18511
18512
18516
18517
18519
18521
18527
18549
18551
18559
18601
18623
18624
18647
18649
18697
18788
18789
18790
18791
18792
18793
18794
18801
18802
18814
18815
18816
18817
18831
18832
18833
18834
18835
18836
18837
18840
18841
18842
18847
18848
18849
18850
18853
18854
18855
18856
18880
18881
18898
18899
18901
18902
18903
18956
18957
18958
18960
18972
18973
18975
18976
18977
18978
18985
18990
19001
19003
19005
19006
19007
19008
19009
19010
19011
19012
19013
19014
19015
19016
19017
19018
19019
19020
19034
19036
19037
19038
19041
19042
19045
19053
19054
19055
19087
19090
19136
19137
19149
19150
19152
19153
19164
19178
19198
19199
19200
19201
19202
19203
19204
19205
19206
19207
19208
19209
19210
19211
19224
19226
19227
19234
19235
19236
19237
19239
19240
19244
19245
19247
19257
19258
19259
19263
19264
19265
19266
19267
19268
19285
19286
19287
19288
19289
19374
19376
19377
19378
19379
19380
19382
19384
19385
19387
19418
19419
19421
19422
19423
19424
19425
19426
19427
19434
19435
19436
19437
19438
19439
19441
19443
19445
19478
19524
19567
19568
19569
19571
19574
19580
19582
19583
19584
19587
19602
19646
19653
19670
19703
19704
19705
19712
19713
19714
19715
19716
19717
19718
19719
19733
19734
19735
19736
19742
19762
19767
19768
19769
19770
19771
19772
19773
19774
19775
19776
19777
19778
19779
19780
19781
19782
19783
19784
19785
19786
19807
19810
19811
19812
19816
19820
19821
19822
19904
19926
19943
19944
19989
19991
19992
19995
20006
20007
20026
20035
20037
20065
20069
20071
20072
20073
20075
20095
20096
20109
20111
20177
20180
20191
20193
20271
20272
20278
20279
20280
20281
20282
20283
20284
20285
20286
20287
20291
20303
20304
20306
20351
20352
20353
20371
20406
20408
20409
20417
20439
20443
20444
20453
20454
20455
20456
20457
20458
20462
20469
20470
20471
20499
20500
20502
20503
20510
20511
20517
20518
20520
20530
20537
20564
20565
20597
20610
20613
20631
20633
20636
20644
20645
20653
20654
20656
20657
20658
20659
20660
20667
20668
20669
20723
20724
20725
20726
20727
20728
20729
20730
20731
20732
20733
20734
20735
20736
20737
20738
20739
20740
20741
20742
20743
20744
20745
20748
20772
20773
20782
20783
20784
20785
20786
20787
20788
20789
20790
20791
20792
20793
20794
20795
20796
20797
20801
20805
20806
20807
20808
20809
20810
20811
20812
20813
20815
20839
20840
20850
20897
20899
20900
20901
20902
20905
20907
20910
20911
20912
20913
20914
20915
20918
20921
20922
20923
20924
20948
20949
20950
20951
20952
20953
20954
20955
20956
20957
20958
20959
20960
20975
21000
21013
21016
21017
21018
21019
21022
21023
21024
21036
21039
21048
21057
21060
21062
21071
21072
21073
21076
21077
21078
21092
21093
21108
21109
21117
21118
21136
21137
21138
21139
21150
21151
21152
21157
21160
21180
21232
21254
21260
21272
21276
21284
21285
21289
21290
21291
21292
21293
21294
21295
21296
21297
21298
21299
21300
21301
21302
21304
21359
21361
21392
21393
21401
21411
21427
21435
21439
21452
21476
21477
21486
21487
21488
21490
21509
21510
21511
21512
21513
21515
21516
21517
21518
21519
21520
21521
21522
21525
21526
21537
21543
21566
21567
21568
21569
21572
21573
21574
21575
21576
21577
21578
21579
21580
21581
21582
21583
21592
21593
21594
21597
21598
21599
21652
21653
21657
21658
21659
21660
21670
21679
21680
21682
21683
21685
21688
21709
21726
21729
21732
21743
21744
21745
21747
21748
21751
21752
21753
21757
21759
21760
21761
21762
21763
21764
21765
21766
21769
21770
21784
21785
21786
21796
21798
21801
21802
21803
21806
21808
21810
21826
21831
21832
21833
21834
21836
21837
21838
21839
21842
21843
21844
21845
21846
21847
21848
21849
21850
21851
21854
21855
21856
21857
21858
21859
21860
21861
21862
21863
21864
21868
21869
21870
21871
21872
21877
21878
21879
21880
21888
21908
21910
21917
21918
21931
21966
22029
22030
22031
22032
22051
22053
22055
22057
22070
22134
22135
22156
22164
22165
22178
22186
22192
22203
22204
22216
22220
22223
22232
22256
22258
22300
22321
22322
22323
22324
22325
22326
22327
22328
22329
22330
22331
22356
22357
22358
22359
22360
22361
22362
22363
22364
22365
22374
22375
22376
22377
22390
22392
22396
22402
22403
22404
22409
22416
22417
22420
22426
22428
22429
22433
22436
22443
22444
22446
22447
22450
22451
22452
22453
22454
22455
22456
22457
22458
22459
22460
22461
22466
22476
22481
22485
22511
22526
22534
22536
22539
22540
22541
22542
22545
22546
22547
22548
22549
22550
22551
22552
22556
22558
22559
22560
22600
22601
22607
22633
22634
22635
22636
22638
22646
22652
22654
22655
22656
22657
22658
22659
22660
22664
22670
22671
22696
22697
22699
22719
22721
22728
22739
22751
22782
22783
22784
22786
22787
22788
22789
22791
22792
22796
22797
22798
22885
22893
22894
22895
22896
22897
22898
22899
22900
22901
22902
22903
22904
22905
22911
22932
22941
22954
22958
22985
22986
22987
22988
22997
23002
23016
23032
23042
23048
23053
23060
23067
23069
23070
23071
23072
23073
23074
23075
23076
23077
23079
23098
23107
23108
23111
23112
23113
23114
23116
23117
23118
23119
23120
23122
23123
23124
23126
23135
23137
23143
23144
23146
23147
23148
23150
23151
23152
23154
23155
23158
23161
23163
23164
23169
23173
23178
23180
23181
23192
23196
23209
23214
23215
23216
23217
23218
23219
23220
23245
23260
23264
23275
23276
23282
23290
23308
23309
23380
23381
23392
23395
23402
23409
23415
23416
23417
23419
23420
23421
23422
23423
23424
23425
23432
23439
23440
23446
23452
23490
23519
23520
23521
23524
23527
23528
23530
23536
23537
23540
23541
23542
23543
23544
23545
23546
23551
23552
23553
23554
23557
23558
23560
23561
23562
23563
23564
23570
23577
23588
23590
23592
23593
23635
23636
23645
23646
23647
23648
23651
23653
23655
23656
23658
23665
23666
23667
23675
23676
23677
23693
23694
23702
23712
23734
23735
23736
23737
23739
23747
23752
23753
23769
23773
23775
23807
23809
23810
23811
23815
23820
23821
23831
23836
23838
23847
23851
23880
23881
23882
23953
23956
23960
23963
23965
23977
23989
23991
23992
23994
24006
24008
24010
24012
24014
24015
24016
24017
24018
24019
24022
24023
24024
24027
24028
24068
24069
24070
24071
24072
24073
24076
24077
24078
24079
24080
24081
24116
24119
24123
24173
24174
24175
24176
24177
24182
24183
24187
24188
24189
24190
24193
24203
24205
24206
24207
24208
24223
24224
24227
24236
24238
24239
24242
24248
24255
24257
24261
24263
24264
24273
24281
24304
24321
24323
24325
24326
24348
24349
24350
24351
24352
24354
24356
24363
24367
24368
24416
24417
24418
24419
24420
24437
24457
24459
24460
24461
24473
24505
24506
24527
24528
24529
24530
24531
24569
24570
24592
24602
24605
24608
24609
24610
24616
24621
24628
24631
24632
24633
24634
24638
24652
24653
24654
24655
24656
24657
24658
24659
24660
24661
24662
24663
24664
24665
24666
24667
24668
24669
24670
24671
24672
24673
24674
24675
24676
24677
24678
24679
24680
24681
24682
24691
24697
24698
24705
24783
24784
24785
24800
24804
24805
24806
24807
24842
24843
24856
24861
24866
24867
24868
24869
24870
24881
24882
24883
24884
24901
24915
24923
24925
24927
24928
24929
24930
24931
24932
24933
24934
24935
24936
24937
24938
24939
24940
24941
24943
24944
24945
24946
24947
24948
24949
24950
24951
24952
24953
24954
24955
24956
24957
24958
24960
24961
24962
24963
24964
24965
24966
24967
24968
24969
24970
24971
24972
24973
24974
24975
24976
24977
24978
24979
24980
24981
25007
25024
25030
25031
25052
25058
25081
25082
25091
25092
25093
25094
25095
25096
25097
25098
25119
25120
25132
25133
25141
25142
25143
25151
25158
25159
25160
25161
25162
25163
25173
25174
25216
25220
25221
25222
25223
25224
25225
25229
25230
25247
25248
25249
25250
25251
25252
25253
25254
25255
25269
25270
25289
25290
25293
25294
25295
25296
25297
25298
25299
25304
25305
25328
25336
25337
25340
25341
25357
25358
25359
25360
25361
25362
25363
25365
25375
25376
25377
25384
25385
25386
25393
25394
25395
25400
25402
25403
25413
25414
25415
25418
25449
25450
25451
25452
25453
25455
25456
25457
25458
25459
25460
25461
25463
25477
25478
25479
25493
25506
25507
25509
25521
25545
25546
25547
25548
25549
25550
25551
25552
25553
25554
25563
25564
25565
25583
25584
25585
25586
25590
25595
25596
25597
25598
25604
25605
25606
25607
25610
25707
25715
25717
25718
25719
25722
25727
25728
25757
25793
25810
25826
25835
25853
25857
25858
25859
25910
25913
25914
25923
25926
25927
25929
25930
25940
25941
25942
25943
25944
25948
25949
25950
25955
25956
25958
25959
25966
25973
25981
25982
25983
25984
25985
25986
25987
25988
25989
25990
25991
25994
25997
26034
26035
26043
26058
26078
26085
26095
26097
26098
26119
26120
26124
26139
26144
26206
26250
26254
26256
26277
26287
26288
26289
26290
26291
26292
26302
26349
26363
26364
26368
26369
26370
26371
26372
26373
26375
26376
26377
26415
26416
26457
26462
26463
26474
26484
26492
26501
26509
26526
26528
26533
26536
26537
26541
26542
26543
26544
26562
26563
26564
26571
26585
26598
26600
26601
26604
26605
26609
26619
26639
26640
26645
26646
26647
26648
26654
26655
26656
26658
26659
26661
26662
26663
26664
26665
26666
26667
26671
26672
26677
26683
26692
26693
26694
26695
26698
26699
26707
26710
26711
26714
26719
26722
26725
26736
26739
26753
26754
26767
26768
26769
26770
26771
26772
26800
26817
26823
26828
26838
26839
26840
26841
26848
26852
26853
26863
26872
26873
26874
26875
26876
26877
26878
26879
26880
26881
26885
26963
26967
26992
26999
27011
27047
27053
27054
27061
27062
27063
27103
27104
27105
27106
27110
27115
27116
27117
27118
27138
27196
27197
27203
27219
27244
27249
27263
27271
27291
27292
27293
27294
27295
27296
27297
27300
27301
27302
27303
27304
27305
27306
27307
27311
27316
27319
27328
27330
27331
27332
27333
27334
27335
27336
27337
27338
27352
27353
27354
27355
27356
27367
27368
27386
27403
27404
27405
27417
27455
27456
27457
27458
27496
27498
27499
27526
27528
27539
27540
27541
27542
27545
27546
27549
27550
27551
27552
27555
27556
27557
27558
27559
27564
27565
27566
27567
27568
27569
27572
27583
27598
27631
27665
27666
27667
27668
27672
27673
27674
27679
27680
27694
27695
27698
27699
27723
27724
27731
27732
27746
27747
27748
27771
27772
27773
27782
27839
27840
27846
27849
27853
27857
27859
27864
27865
27866
27867
27869
27872
27875
27876
27877
27878
27879
27880
27881
27882
27884
27885
27889
27898
27901
27908
27914
27915
27916
27917
27918
27919
27924
27925
27931
27935
27940
27943
27945
27946
27949
27950
27951
27952
27954
27956
27960
27965
27966
27967
27970
27971
27972
27973
27974
27975
27983
27996
28002
28010
28015
28016
28017
28018
28019
28020
28021
28022
28023
28024
28025
28026
28027
28029
28030
28031
28033
28044
28072
28076
28077
28078
28079
28080
28081
28082
28083
28084
28085
28086
28091
28092
28093
28094
28098
28134
28141
28142
28143
28145
28159
28162
28163
28164
28165
28166
28167
28168
28169
28176
28177
28178
28179
28181
28182
28189
28193
28194
28195
28196
28198
28199
28202
28204
28208
28209
28211
28213
28217
28219
28240
28242
28256
28257
28258
28259
28260
28261
28262
28268
28269
28270
28271
28272
28273
28274
28275
28276
28279
28281
28285
28286
28289
28290
28291
28292
28301
28306
28309
28310
28311
28314
28316
28320
28322
28336
28341
28342
28343
28355
28363
28365
28369
28372
28375
28376
28383
28384
28391
28394
28395
28396
28401
28402
28403
28404
28405
28406
28410
28413
28419
28421
28422
28427
28474
28477
28478
28492
28496
28497
28498
28524
28526
28528
28530
28535
28537
28538
28539
28540
28555
28557
28558
28559
28560
28563
28564
28568
28569
28570
28571
28573
28576
28578
28591
28592
28593
28594
28595
28596
28597
28598
28607
28608
28613
28614
28615
28635
28638
28644
28649
28663
28665
28667
28668
28669
28670
28671
28672
28682
28683
28684
28685
28686
28687
28688
28689
28690
28691
28694
28700
28701
28702
28703
28706
28707
28708
28716
28717
28720
28721
28722
28723
28724
28725
28726
28733
28734
28735
28737
28739
28740
28741
28743
28745
28746
28748
28752
28753
28755
28756
28757
28766
28768
28771
28774
28775
28776
28777
28778
28779
28782
28783
28784
28789
28791
28792
28794
28795
28802
28842
28843
28844
28845
28846
28847
28848
28849
28850
28860
28861
28867
28870
28871
28872
28873
28877
28878
28879
28880
28881
28882
28883
28884
28902
28909
28913
28917
28919
28925
28926
28935
28936
28939
28941
28945
28947
28951
28952
28953
28954
28955
28958
28961
28963
28965
28966
28970
28971
28972
28973
28974
28976
28977
28978
28979
28980
28981
28983
28984
28985
28988
28989
28990
28992
28993
28997
28998
28999
29000
29001
29002
29003
29005
29006
29007
29008
29009
29010
29011
29012
29014
29021
29026
29027
29028
29030
29032
29033
29035
29038
29040
29041
29044
29047
29050
29051
29052
29053
29054
29056
29057
29064
29065
29066
29067
29068
29072
29073
29074
29076
29081
29083
29092
29095
29098
29100
29117
29118
29119
29120
29121
29122
29123
29124
29125
29129
29130
29131
29133
29134
29140
29147
29148
29159
29160
29161
29162
29163
29170
29171
29172
29185
29186
29229
29250
29264
29266
29268
29298
29307
29314
29318
29336
29344
29368
29373
29380
29384
29385
29386
29390
29391
29392
29393
29394
29395
29396
29397
29398
29399
29401
29402
29404
29405
29406
29407
29408
29409
29410
29413
29414
29415
29416
29419
29424
29425
29430
29432
29435
29450
29452
29453
29454
29455
29456
29457
29463
29464
29465
29466
29467
29474
29475
29477
29493
29498
29499
29501
29502
29503
29504
29505
29506
29507
29508
29509
29515
29519
29524
29525
29526
29527
29528
29529
29530
29531
29532
29533
29541
29546
29549
29558
29563
29566
29574
29580
29582
29583
29587
29590
29591
29592
29593
29594
29599
29600
29601
29602
29603
29604
29605
29606
29607
29608
29615
29616
29617
29618
29633
29642
29643
29658
29659
29664
29665
29666
29667
29668
29670
29678
29694
29696
29697
29698
29707
29710
29711
29712
29713
29720
29721
29722
29725
29726
29727
29728
29729
29730
29731
29732
29733
29734
29735
29736
29737
29738
29739
29740
29742
29786
29795
29796
29797
29798
29831
29838
29840
29843
29847
29848
29853
29867
29868
29869
29870
29871
29875
29876
29877
29878
29879
29880
29917
29918
29923
29924
29925
29926
29929
29930
29934
29935
29936
29937
29938
29939
29942
29943
29952
29953
29957
29958
29960
29961
29986
29998
30025
30033
30034
30037
30038
30047
30050
30051
30054
30055
30058
30071
30085
30104
30105
30106
30116
30117
30118
30119
30120
30121
30122
30123
30124
30125
30126
30129
30146
30147
30173
30174
30175
30176
30177
30178
30179
30180
30188
30190
30220
30225
30226
30230
30231
30237
30238
30239
30248
30249
30269
30270
30275
30276
30293
30294
30295
30296
30297
30298
30299
30316
30317
30318
30319
30320
30321
30328
30329
30330
30332
30333
30335
30336
30337
30338
30339
30340
30341
30347
30348
30350
30351
30352
30360
30375
30376
30388
30389
30403
30404
30405
30406
30407
30408
30409
30410
30411
30412
30417
30418
30420
30422
30430
30434
30438
30439
30442
30443
30444
30445
30446
30447
30448
30449
30460
30461
30462
30463
30464
30465
30466
30467
30468
30469
30470
30471
30478
30481
30484
30485
30488
30489
30490
30491
30492
30493
30494
30495
30496
30498
30501
30506
30507
30508
30509
30517
30518
30519
30520
30521
30522
30523
30524
30525
30526
30528
30531
30547
30548
30553
30558
30563
30566
30580
30581
30582
30583
30584
30585
30586
30587
30588
30589
30590
30591
30592
30595
30596
30600
30614
30663
30674
30693
30695
30696
30697
30698
30708
30709
30710
30711
30721
30730
30731
30758
30759
30762
30764
30765
30766
30768
30769
30770
30771
30772
30773
30777
30807
30808
30809
30810
30811
30814
30815
30816
30817
30822
30827
30828
30829
30830
30831
30832
30833
30834
30835
30836
30840
30841
30842
30843
30849
30855
30857
30858
30859
30860
30868
30870
30879
30884
30889
30891
30892
30893
30894
30903
30904
30906
30918
30949
30950
30951
30952
30968
30969
30974
30982
30983
31001
31037
31038
31045
31046
31055
31057
31058
31059
31060
31061
31062
31063
31064
31065
31066
31067
31068
31069
31070
31071
31072
31074
31075
31077
31078
31079
31082
31083
31084
31085
31086
31087
31088
31091
31092
31093
31094
31095
31099
31101
31102
31103
31104
31105
31106
31107
31108
31109
31110
31112
31151
31152
31153
31154
31155
31156
31157
31158
31159
31160
31162
31163
31164
31165
31166
31167
31168
31169
31170
31171
31172
31173
31174
31179
31180
31181
31182
31183
31184
31185
31186
31187
31188
31189
31190
31191
31193
31194
31195
31199
31200
31202
31203
31204
31205
31206
31207
31208
31209
31210
31213
31214
31215
31217
31218
31219
31220
31221
31222
31223
31224
31225
31234
31237
31239
31240
31241
31243
31246
31247
31248
31249
31250
31251
31252
31253
31254
31255
31259
31260
31261
31262
31265
31266
31268
31269
31270
31271
31272
31273
31274
31275
31276
31277
31278
31279
31280
31281
31282
31283
31284
31285
31286
31287
31288
31292
31293
31294
31295
31296
31297
31298
31299
31300
31301
31302
31303
31304
31305
31306
31307
31308
31309
31310
31340
31341
31342
31343
31352
31355
31357
31358
31360
31361
31362
31363
31364
31365
31372
31373
31376
31379
31384
31385
31387
31398
31403
31404
31405
31406
31412
31435
31462
31463
31466
31468
31486
31488
31491
31492
31493
31516
31517
31518
31543
31547
31557
31558
31559
31563
31585
31586
31587
31588
31589
31600
31640
31641
31642
31643
31670
31682
31683
31684
31692
31696
31714
31746
31751
31752
31753
31755
31765
31766
31783
31784
31785
31786
31787
31788
31789
31790
31805
31806
31807
31808
31829
31892
31897
31914
31924
31972
31994
32023
32064
32065
32066
32071
32075
32076
32077
32078
32079
32080
32083
32090
32093
32094
32102
32104
32105
32106
32111
32112
32113
32114
32160
32161
32162
32163
32174
32175
32182
32188
32189
32190
32191
32192
32198
32199
32200
32201
32202
32203
32204
32205
32206
32207
32208
32210
32211
32214
32215
32220
32221
32223
32224
32225
32226
32227
32228
32229
32230
32231
32232
32233
32251
32257
32258
32259
32260
32261
32262
32263
32264
32265
32266
32267
32268
32269
32270
32271
32279
32281
32316
32332
32334
32339
32340
32341
32344
32354
32355
32356
32357
32358
32369
32370
32371
32376
32389
32390
32423
32425
32430
32440
32441
32442
32511
32538
32539
32545
32546
32547
32548
32549
32550
32551
32552
32556
32557
32558
32559
32560
32561
32562
32563
32564
32565
32566
32567
32568
32569
32570
32571
32572
32573
32574
32575
32576
32577
32584
32585
32589
32590
32600
32601
32602
32611
32614
32619
32621
32626
32649
32659
32660
32661
32662
32663
32666
32670
32671
32672
32674
32676
32700
32703
32705
32706
32707
32711
32712
32714
32715
32721
32722
32746
32747
32749
32754
32780
32781
32792
32793
32799
32861
32885
32916
32917
32918
32919
32921
32924
32927
32928
32930
32931
32932
32933
32934
32935
32936
32937
32938
32942
32946
32948
32956
32959
32968
32969
32973
32990
33006
33007
33008
33009
33010
33011
33012
33013
33014
33016
33017
33018
33019
33020
33021
33022
33023
33024
33025
33026
33027
33028
33030
33031
33032
33033
33034
33035
33036
33037
33038
33043
33082
33093
33110
33111
33112
33113
33114
33115
33116
33117
33118
33119
33135
33136
33137
33138
33139
33140
33141
33142
33175
33176
33177
33178
33179
33180
33181
33182
33183
33189
33190
33191
33192
33204
33205
33226
33231
33258
33260
33304
33326
33327
33328
33329
33330
33331
33332
33336
33337
33338
33339
33340
33341
33390
33392
33393
33394
33395
33396
33397
33398
33399
33400
33401
33402
33410
33411
33415
33417
33418
33419
33426
33427
33428
33430
33431
33433
33434
33435
33436
33437
33438
33440
33444
33445
33446
33447
33450
33451
33452
33453
33457
33461
33462
33463
33464
33465
33471
33475
33477
33478
33480
33481
33482
33485
33488
33489
33491
33492
33493
33495
33496
33498
33510
33513
33529
33543
33549
33577
33584
33590
33591
33622
33623
33624
33625
33626
33627
33628
33629
33630
33631
33632
33633
33642
33643
33646
33647
33651
33665
33668
33676
33679
33682
33730
33732
33740
33743
33782
33812
33814
33815
33822
33824
33826
33827
33828
33829
33830
33831
33832
33833
33834
33835
33837
33838
33840
33841
33842
33843
33845
33846
33851
33863
33876
33877
33878
33879
33880
33881
33883
33887
33888
33890
33891
33892
33893
33894
33895
33896
33897
33899
33900
33901
33910
33963
33982
33983
33985
33991
33996
34002
34020
34064
34065
34066
34067
34068
34069
34070
34071
34072
34073
34074
34075
34076
34077
34118
34122
34142
34143
34174
34225
34244
34257
34258
34259
34267
34282
34288
34291
34292
34301
34303
34307
34312
34313
34320
34321
34322
34323
34324
34325
34326
34327
34329
34330
34331
34332
34333
34334
34335
34336
34337
34338
34339
34340
34341
34342
34343
34344
34345
34355
34374
34382
34397
34398
34399
34414
34415
34422
34423
34424
34443
34444
34445
34513
34514
34529
34530
34531
34563
34564
34565
34566
34568
34598
34600
34601
34614
34615
34618
34619
34620
34621
34625
34631
34639
34644
34651
34654
34658
34659
34660
34680
34682
34696
34700
34701
34702
34703
34709
34710
34716
34726
34727
34734
34735
34741
34743
34746
34748
34749
34781
34782
34783
34784
34785
34786
34787
34788
34789
34790
34798
34803
34805
34806
34807
34812
34814
34815
34826
34828
34829
34830
34833
34834
34835
34836
34837
34838
34839
34869
34870
34871
34872
34887
34889
34890
34891
34892
34893
34894
34911
34912
34913
34914
34915
34921
34926
34929
34938
34949
34950
34951
34957
34995
34996
34997
34998
35001
35003
35004
35005
35006
35007
35008
35010
35014
35015
35016
35017
35018
35019
35020
35021
35022
35023
35024
35025
35026
35027
35031
35048
35049
35059
35070
35082
35083
35085
35086
35097
35111
35112
35113
35114
35115
35116
35119
35132
35133
35134
35135
35136
35137
35138
35139
35140
35145
35146
35148
35154
35162
35178
35179
35186
35187
35192
35198
35201
35211
35213
35219
35221
35222
35223
35224
35225
35226
35227
35244
35278
35279
35301
35302
35303
35304
35368
35369
35400
35401
35409
35421
35422
35423
35424
35427
35444
35453
35471
35482
35486
35493
35494
35499
35502
35504
35508
35509
35518
35519
35524
35525
35535
35536
35537
35541
35542
35543
35544
35545
35569
35587
35588
35590
35593
35594
35595
35596
35597
35598
35600
35601
35603
35604
35605
35606
35610
35612
35616
35617
35618
35619
35620
35621
35622
35623
35630
35633
35634
35643
35650
35656
35662
35665
35675
35692
35717
35722
35741
35742
35743
35744
35745
35746
35779
35780
35781
35782
35783
35784
35785
35788
35790
35791
35798
35807
35809
35810
35814
35823
35826
35827
35830
35843
35846
35847
35848
35849
35850
35851
35856
35857
35864
35865
35866
35868
35872
35876
35878
35879
35881
35882
35894
35895
35898
35899
35903
35904
35905
35906
35907
35908
35909
35919
35930
35931
35932
35934
35935
35938
35939
35940
35941
35942
35943
35944
35945
35954
35955
35956
35957
35958
35959
35987
35988
35989
35990
35996
35997
36028
36029
36030
36032
36037
36054
36055
36056
36057
36058
36059
36060
36061
36062
36075
36076
36121
36122
36123
36124
36125
36126
36127
36131
36139
36140
36158
36159
36160
36161
36162
36163
36164
36165
36166
36188
36192
36193
36194
36195
36196
36197
36198
36199
36200
36232
36244
36246
36269
36270
36271
36272
36299
36302
36303
36311
36318
36322
36327
36328
36365
36378
36388
36391
36392
36395
36425
36433
36450
36462
36471
36472
36474
36475
36477
36479
36480
36481
36482
36483
36536
36537
36538
36539
36541
36542
36546
36548
36549
36561
36565
36566
36567
36568
36569
36571
36586
36623
36642
36659
36660
36661
36662
36666
36673
36678
36694
36704
36705
36706
36707
36708
36709
36710
36711
36712
36713
36714
36715
36733
36734
36735
36751
36754
36756
36766
36767
36768
36769
36770
36771
36772
36773
36774
36775
36776
36783
36784
36787
36788
36790
36794
36795
36796
36797
36798
36799
36800
36801
36802
36803
36804
36805
36811
36812
36813
36814
36815
36823
36827
36830
36856
36857
36860
36869
36914
36928
36929
36930
36931
36932
36933
36934
36935
36936
36937
36938
36939
36940
36941
36946
36947
36948
36949
36950
36951
36954
36955
36956
36957
36976
36990
37023
37024
37028
37029
37030
37034
37035
37036
37042
37048
37076
37118
37119
37139
37144
37146
37147
37149
37152
37162
37164
37165
37166
37169
37186
37187
37188
37189
37190
37191
37193
37219
37220
37221
37222
37223
37224
37225
37226
37227
37228
37230
37231
37233
37235
37238
37239
37243
37244
37267
37289
37290
37291
37299
37301
37302
37310
37357
37367
37368
37369
37419
37420
37446
37447
37448
37449
37451
37489
37490
37508
37509
37510
37511
37518
37519
37537
37540
37580
37583
37591
37602
37607
37610
37612
37626
37640
37643
37644
37650
37651
37652
37653
37654
37655
37656
37669
37679
37684
37688
37703
37723
37730
37742
37743
37744
37747
37748
37755
37756
37757
37758
37759
37760
37761
37762
37763
37764
37768
37769
37770
37771
37772
37778
37779
37784
37785
37787
37798
37799
37800
37801
37802
37817
37830
37831
37832
37833
37838
37839
37848
37849
37850
37851
37852
37853
37854
37855
37856
37857
37858
37859
37877
37882
37885
37890
37891
37892
37899
37900
37906
37917
37918
37919
37920
37924
37939
37950
37951
37952
38026
38027
38028
38029
38030
38031
38032
38033
38034
38035
38036
38037
38045
38048
38049
38087
38096
38175
38178
38206
38207
38208
38209
38214
38215
38231
38253
38258
38259
38260
38261
38262
38263
38264
38265
38266
38278
38292
38293
38317
38318
38319
38320
38321
38336
38337
38341
38347
38348
38349
38350
38352
38362
38381
38382
38383
38384
38385
38386
38387
38388
38389
38395
38413
38420
38421
38422
38423
38424
38425
38426
38433
38434
38435
38436
38437
38438
38449
38451
38453
38455
38456
38457
38458
38464
38465
38466
38467
38468
38469
38470
38471
38472
38473
38474
38475
38476
38477
38478
38479
38480
38481
38482
38483
38484
38485
38486
38487
38488
38489
38490
38491
38492
38527
38531
38534
38535
38536
38540
38542
38543
38548
38549
38550
38551
38552
38553
38554
38555
38557
38558
38559
38560
38561
38562
38563
38565
38566
38567
38568
38569
38570
38588
38589
38590
38601
38602
38603
38604
38616
38620
38621
38630
38631
38670
38671
38672
38687
38704
38710
38718
38734
38735
38736
38737
38738
38739
38740
38741
38742
38743
38744
38745
38775
38776
38777
38778
38779
38795
38796
38797
38798
38799
38800
38801
38802
38803
38825
38826
38833
38867
38868
38869
38870
38871
38872
38873
38874
38875
38876
38877
38878
38879
38880
38881
38885
38886
38887
38888
38889
38892
38894
38895
38896
38897
38898
38899
38900
38901
38902
38929
38930
38976
38977
38986
38995
38996
38998
39001
39004
39008
39012
39016
39024
39025
39026
39027
39028
39029
39030
39031
39032
39033
39034
39035
39036
39037
39038
39039
39040
39041
39042
39043
39044
39045
39046
39047
39048
39049
39050
39051
39052
39053
39054
39067
39068
39069
39070
39071
39074
39086
39158
39159
39160
39161
39162
39163
39165
39167
39168
39176
39177
39178
39201
39202
39203
39204
39205
39206
39207
39208
39209
39210
39211
39212
39213
39214
39223
39242
39243
39246
39247
39249
39272
39277
39294
39295
39297
39298
39368
39369
39370
39371
39372
39373
39379
39382
39403
39407
39435
39436
39457
39459
39486
39529
39530
39531
39556
39575
39576
39578
39580
39581
39582
39626
39628
39656
39659
39661
39684
39685
39689
39690
39702
39703
39704
39707
39716
39717
39718
39719
39721
39722
39723
39724
39725
39726
39727
39759
39793
39794
39795
39796
39807
39808
39809
39816
39818
39838
39839
39840
39843
39844
39847
39848
39851
39859
39869
39872
39878
39879
39881
39882
39884
39886
39889
39892
39894
39917
39918
39919
39920
39924
39927
39935
39936
39937
39938
39939
39940
39941
39942
39943
39944
39945
39956
39957
39958
39962
39964
39967
39973
39974
