****** index ****** 0
3
0
003
000
00003
30003
00000
0000003
3000003
0000000
000000003
000000000
****** index ****** 1
0
3
000
003
00000
00003
0000000
0000003
000000000
000000003
****** index ****** 2
1
0
3
4
001
000
004
003
304
00001
10004
00000
00003
00004
00400
00403
1000403
0040001
0000000
0000003
0000004
0000400
0000403
3000004
3000003
000040001
000000000
000000400
000000403
000000003
000040000
004000003
300000003
300000004
000000004
300000403
00000040001
10004000003
00000000003
00000000000
00000040000
00000000400
00400000003
00000000004
30000000003
00000000403
30000000403
00004000003
0000000040001
1000400000003
0000000000000
0000000000003
0000000000004
0000000000400
0000000000403
3000000000004
0000000040000
0000400000003
****** index ****** 3
0
3
1
000
001
003
00003
00000
00001
0000003
0000000
0000001
3000003
000000003
000000000
000000001
100000003
300000003
00000000000
00000000003
00000000001
10000000001
10000000003
0000000000000
0000000000001
0000000000003
1000000000003
3000000000003
****** index ****** 4
0
3
4
000
003
004
00003
00000
30003
00004
30004
0000003
0000000
3000003
0000004
3000004
000000003
000000000
300000003
300000004
000000004
00000000000
00000000003
30000000003
30000000004
00000000004
0000000000000
0000000000003
3000000000003
0000000000004
3000000000004
****** index ****** 5
3
5
0
1
003
105
005
000
00003
30003
00005
30005
00000
10501
00501
0000003
3000003
3000005
0000005
0000000
0000501
1050003
000000003
300000003
000000005
300000005
000000000
105000003
000000501
00000000003
30000000003
30000000005
00000000005
00000000000
00000000501
10500000003
3000000000005
3000000000003
0000000000003
0000000000005
0000000000501
0000000000000
1050000000003
