t # 0
v 0 0
v 1 4
v 2 0
v 3 0
v 4 0
v 5 0
v 6 0
v 7 3
v 8 3
v 9 3
v 10 3
v 11 3
v 12 3
v 13 3
v 14 3
v 15 3
v 16 3
v 17 3
v 18 3
v 19 3
v 20 3
v 21 3
v 22 3
v 23 0
v 24 0
v 25 0
v 26 0
v 27 0
v 28 0
v 29 5
v 30 0
v 31 1
v 32 1
v 33 1
v 34 0
v 35 0
v 36 0
v 37 0
v 38 0
v 39 3
v 40 3
v 41 3
v 42 3
v 43 3
v 44 3
v 45 3
v 46 3
v 47 3
v 48 3
v 49 3
v 50 3
v 51 3
v 52 3
v 53 3
v 54 3
v 55 3
v 56 3
v 57 3
v 58 3
v 59 3
v 60 3
v 61 3
v 62 3
v 63 3
v 64 3
e 0 1 0
e 0 2 0
e 0 7 0
e 0 8 0
e 1 3 0
e 1 4 0
e 1 5 0
e 2 6 0
e 2 9 0
e 2 10 0
e 3 11 0
e 3 12 0
e 3 13 0
e 4 14 0
e 4 15 0
e 4 16 0
e 5 17 0
e 5 18 0
e 5 19 0
e 6 20 0
e 6 21 0
e 6 22 0
e 23 24 0
e 23 25 0
e 23 39 0
e 23 40 0
e 24 26 0
e 24 41 0
e 24 42 0
e 25 27 0
e 25 43 0
e 25 44 0
e 26 28 0
e 26 45 0
e 26 46 0
e 27 29 0
e 27 47 0
e 27 48 0
e 28 30 0
e 28 49 0
e 28 50 0
e 29 31 0
e 29 32 0
e 29 33 0
e 30 34 0
e 30 51 0
e 30 52 0
e 33 53 0
e 34 35 0
e 34 54 0
e 34 55 0
e 35 36 0
e 35 56 0
e 35 57 0
e 36 37 0
e 36 58 0
e 36 59 0
e 37 38 0
e 37 60 0
e 37 61 0
e 38 62 0
e 38 63 0
e 38 64 0
