t # 0
v 0 0
v 1 0
v 2 3
v 3 3
v 4 4
v 5 3
v 6 0
v 7 0
v 8 3
v 9 3
v 10 0
v 11 3
v 12 3
v 13 3
v 14 3
v 15 0
v 16 3
v 17 3
v 18 3
v 19 3
v 20 0
v 21 0
v 22 0
v 23 3
v 24 3
v 25 0
v 26 3
v 27 0
v 28 3
v 29 0
v 30 3
v 31 3
v 32 3
e 0 22 0
e 0 8 0
e 0 31 0
e 1 6 0
e 1 15 0
e 1 32 0
e 1 17 0
e 6 29 0
e 3 6 0
e 2 6 0
e 0 7 0
e 7 24 0
e 7 11 0
e 7 10 0
e 5 10 0
e 10 14 0
e 10 15 0
e 9 15 0
e 12 15 0
e 4 20 0
e 18 20 0
e 20 28 0
e 21 22 0
e 20 25 0
e 25 30 0
e 16 25 0
e 25 27 0
e 26 27 0
e 13 27 0
e 27 29 0
e 23 29 0
e 19 29 0
