t # 0
v 0 0
v 1 0
v 2 0
v 3 0
v 4 0
v 5 0
v 6 5
v 7 0
v 8 1
v 9 1
v 10 1
v 11 0
v 12 0
v 13 0
v 14 0
v 15 0
v 16 3
v 17 3
v 18 3
v 19 3
v 20 3
v 21 3
v 22 3
v 23 3
v 24 3
v 25 3
v 26 3
v 27 3
v 28 3
v 29 3
v 30 3
v 31 3
v 32 3
v 33 3
v 34 3
v 35 3
v 36 3
v 37 3
v 38 3
v 39 3
v 40 3
v 41 3
e 0 1 0
e 0 2 0
e 0 16 0
e 0 17 0
e 1 3 0
e 1 18 0
e 1 19 0
e 2 4 0
e 2 20 0
e 2 21 0
e 3 5 0
e 3 22 0
e 3 23 0
e 4 6 0
e 4 24 0
e 4 25 0
e 5 7 0
e 5 26 0
e 5 27 0
e 6 8 0
e 6 9 0
e 6 10 0
e 7 11 0
e 7 28 0
e 7 29 0
e 10 30 0
e 11 12 0
e 11 31 0
e 11 32 0
e 12 13 0
e 12 33 0
e 12 34 0
e 13 14 0
e 13 35 0
e 13 36 0
e 14 15 0
e 14 37 0
e 14 38 0
e 15 39 0
e 15 40 0
e 15 41 0
