t # 0
v 0 3
v 1 3
v 2 3
v 3 0
v 4 3
v 5 3
v 6 0
v 7 0
v 8 3
v 9 3
v 10 3
v 11 3
v 12 3
v 13 0
v 14 3
v 15 3
v 16 1
v 17 3
v 18 0
v 19 3
v 20 0
v 21 0
v 22 3
v 23 3
v 24 5
v 25 0
v 26 1
v 27 0
v 28 1
v 29 0
v 30 3
v 31 3
v 32 0
e 3 18 0
e 3 12 0
e 3 23 0
e 6 29 0
e 6 14 0
e 2 6 0
e 7 20 0
e 7 8 0
e 7 31 0
e 18 27 0
e 17 18 0
e 1 18 0
e 6 20 0
e 9 20 0
e 5 20 0
e 13 21 0
e 24 28 0
e 24 26 0
e 16 24 0
e 7 25 0
e 25 32 0
e 19 25 0
e 22 25 0
e 21 27 0
e 0 27 0
e 27 30 0
e 24 29 0
e 15 29 0
e 10 29 0
e 3 32 0
e 4 32 0
e 11 32 0
